x: 8.085
y: 0.009799
z: 10

zoom: 265

x:0.208407
y: 0.648407
z:-0.00159