x: 5.978
y: 2.809
z: 10

zoom: 256

x: 0
y: 0.748407
z: 0.148407